pp220	SQWDLVQKF	6	0.024	0.082	0.149167	0.379	10/10	.992
pp220	RVFSRLVFY	5	0.009	0.044	0.0568	0.143	10/10	.945
pp220	HIDKNIIQY	4	0.003	0.0555	0.1145	0.344	10/10	.895
pp220	QIYKTLLEY	3	0.010	0.040	0.053	0.109	10/10	.847
pp220	YTDIVQKKY	3	0.011	0.048	0.172667	0.459	10/10	.846
p30	KTLLSTVKY	4	0.057	0.2155	0.22575	0.415	10/11	.845
pp220	FLNKSTQAY	3	0.037	0.058	0.185333	0.461	10/10	.843
pp220	HNKQEFQSY	3	0.008	0.167	0.180333	0.366	10/10	.840
pp220	RLAEFYQKL	3	0.017	0.210	0.213	0.412	10/10	.837
p30	VVFHAGSLY	3	0.031	0.188	0.1985	0.387	11/11	.837
pp220	FVNEINRRF	3	0.041	0.343	0.266333	0.415	10/10	.828
p30	ARIYAGQGY	3	0.110	0.292	0.263	0.358	10/11	.787
p54	AIEEEDIQF	2	0.079	0.1605	0.1605	0.242	10/10	.783
p30	VRLMVIKLL	2	0.121	0.2995	0.2995	0.478	11/11	.772
pCP312R	STDEEVIRM	2	0.020	0.029	0.029	0.038	10/11	.758
pCP312R	KNFSSVFSL	2	0.042	0.0565	0.0565	0.071	10/11	.754
CD2v	YQYNTPIYY	5	0.014	0.087	0.1144	0.271	0/9	.542
CD2v	STQQLFKSY	4	0.007	0.17	0.156	0.277	0/9	.489
CD2v	KSYSLPKPY	4	0.065	0.1125	0.186	0.454	0/9	.486
